Chapter	Word Count
1	749
2	2,820
3	4,430
4	1,963
5	3,810
6	2,710
7	3,436
8	5,207
9	2,679
10	2,906
11	5,617
12	3,179
13	1,192
14	2,350
15	3,832
16	3,528
17	4,430
18	1,431
19	4,102
20	2,621
21	3,761
22	4,723
23	2,759
24	4,353
25	5,337
26	5,496
27	5,173
28	3,453
29	7,607
30	6,740
31	4,367
32	4,898
33	4,896
34	4,777
35	5,266
36	7,892
37	6,128
38	6,114
39	7,625
40	5,308
41	7,801
42	8,609
43	7,222
44	6,486
45	8,548
46	5,332
47	8,058
48	7,982
49	7,297
50	6,406
51	9,755
52	8,075
53	7,787
54	6,350
55	5,461
56	8,127
57	6,853
58	8,690
59	8,329
60	6,665
61	8,773
62	8,061
63	7,126
64	8,296
65	5,162
66	3,136
67	5,809
68	5,921
69	5,986
70	9,358
71	8,986
72	6,291
73	1,672
74	7,864
75	9,224
76	6,711
77	8,334
78	7,873
79	9,626
80	8,276
81	10,086
82	8,776
83	9,920
84	8,967
85	9,851
86	10,208
87	8,548
88	4,219
89	9,272
90	9,968
91	10,676
92	10,994
93	11,464
94	9,625
95	10,048
96	10,629
97	10,637
98	9,479
99	11,007
100	9,726
101	5,526
102	11,046
103	6,916
104	10,614
105	10,534
106	9,223
107	11,224
108	8,421
109	9,520
110	11,909
111	9,759
112	10,925
113	11,132
114	11,231
115	12,577
116	10,309
117	9,118
118	11,948
119	11,594
120	9,023
121	10,799
122	9,622
123	11,735
124	13,489
125	10,467
126	10,667
127	12,917
128	13,960
129	11,067
130	10,832
131	13,252
132	12,514
133	9,135
134	13,153
135	10,711
136	10,794
137	11,624
138	9,755
139	13,194
140	11,051
141	10,952
142	13,118
143	11,363
144	11,011
145	9,346
146	10,777
147	9,771
148	10,696
149	13,915
150	10,263
151	10,899
152	9,874
153	11,699
154	12,513
155	11,200
156	11,692
157	10,175
158	10,558
159	12,326
160	12,424
161	11,525
162	11,813
163	11,192
164	10,450
165	13,366
166	10,549
167	12,218
168	11,407
169	12,535
170	10,555
171	12,583
172	13,802
173	10,090
174	13,376
175	12,558
176	14,112
177	12,852
178	14,498
179	11,747
180	14,729
181	12,932
182	10,531
183	14,722
184	8,364
185	11,158
186	11,388
187	11,787
188	12,863
189	10,782
190	13,286
191	10,930
192	10,731
193	12,051
194	12,619
195	10,299
196	12,875
197	13,949
198	11,548
199	12,781
200	13,428
201	11,711
202	9,902
203	10,000
204	13,733
205	12,835
206	11,299
207	12,697
208	13,766
209	12,813
210	12,561
211	12,269
212	10,440
213	11,223
214	13,704
215	6,389
216	10,472
217	11,325
218	12,995
219	11,707
220	10,418
221	12,594
222	12,856
223	12,462
224	11,588
225	8,079
226	7,706
227	12,451
228	11,787
229	13,254
230	13,055
231	11,880
232	13,022
233	8,501
234	8,646
235	13,436
236	13,769
237	5,056
238	9,252
239	15,330
240	12,956
241	10,397
242	9,015
243	13,163
244	14,541
245	12,427
246	16,212
247	14,231
248	10,857
249	14,351
250	17,415
251	13,635
252	18,331
253	13,766
254	11,752
255	12,855
256	11,849
257	18,197
258	10,159
259	15,166
260	14,494
261	11,814
262	16,448
263	15,030
264	10,099
265	13,789
266	14,424
267	12,194
268	18,920
269	34,023
270	12,186
271	12,067
272	14,574
273	15,466
274	12,914
275	15,191
276	16,651
277	18,582
278	11,806
279	18,277
280	17,524
281	14,424
282	19,465
283	19,433
284	20,329
285	4,825
286	20,313
287	12,549
288	19,744
289	12,955
290	18,124
291	18,183
292	14,487
293	5,437
294	19,347
295	22,625
296	16,928
297	11,074
298	27,516
299	21,910
300	12,437
301	13,662
302	16,745
303	21,287
304	21,260
305	19,824
306	6,997
307	16,571
308	31,168
309	18,449
310	19,679
311	18,667
312	17,471
313	13,179
314	20,054
315	17,259
316	27,827
317	20,856
318	24,522
319	22,989
320	15,450
321	16,262
322	25,044
323	31,393
324	16,821
325	20,225
326	23,239
327	17,344
328	21,886
329	19,447
330	19,779
331	24,805
332	28,509
333	29,138
334	15,922
335	17,100
336	18,236
337	23,527
338	16,439
339	27,693
340	23,451
341	23,110
342	23,857
343	32,342
344	13,487
345	22,648
346	20,517
347	29,875
348	11,277
349	22,989
350	17,131
351	21,105
352	18,404
353	20,681
354	31,770
355	25,014
356	10,304
357	22,555
358	31,187
359	15,163
360	19,251
361	16,503
362	20,826
363	25,632
364	27,130
365	18,584
366	19,174
367	20,010
368	22,196
369	22,298
370	21,532
371	24,248
372	18,172
373	19,566
374	18,018
375	25,465
376	16,000
377	28,146
378	17,780
379	27,540
380	15,048
381	24,448
382	24,383
383	29,250
384	16,778
385	20,489
386	24,669
387	16,277
388	24,100
389	28,612
390	30,259
391	5,450
392	22,757
393	11,977
394	34,943
395	18,090
396	25,170
397	22,265
398	32,226
399	28,438
400	26,516
401	11,456
402	6,521
403	7,580
404	15,305
405	16,197
406	19,279
407	4,538
408	23,821
409	28,328
410	30,215
411	15,589
412	34,476
413	25,301
414	23,604
415	29,079
416	34,801
417	28,483
418	20,971
419	33,650
420	25,633
421	23,733
422	24,863
423	28,128
424	27,117
425	24,945
426	29,746
427	19,287
428	25,525
429	22,368
430	26,544
431	27,230
432	33,896
433	27,178
434	23,884
435	19,382
436	30,845
437	21,880
438	25,335
439	23,020
440	20,354
441	30,092
442	11,217
443	13,562
444	9,524
445	11,791
446	6,806
447	14,872
448	9,222
449	22,195
450	19,491
451	27,426
452	29,793
453	23,998
454	19,738
455	19,475
456	31,251
457	28,969
458	28,412
459	28,896
460	26,595
461	25,945
462	25,890
463	33,570
464	29,426
465	27,327
466	28,773
467	25,807
468	22,122
469	16,163
470	30,239
471	24,375
472	26,902
473	24,289
474	30,893
475	39,614
476	27,670
477	27,511
478	29,150
479	30,702
480	19,716
481	29,192
482	33,107
483	28,009
484	33,759
485	36,408
486	21,967
487	25,567
488	31,248
489	25,882
490	11,356
491	32,339
492	20,940
493	30,889
494	30,239
495	21,037
496	20,951
497	30,175
498	24,750
499	29,375
500	34,403
501	25,556
502	15,029
503	29,725
504	26,920
505	25,082
506	26,629
507	27,399
508	31,079
509	20,892
510	29,500
511	31,290
512	24,326
513	17,472
514	31,899
515	22,075
516	46,904
517	35,521
518	26,755
519	36,107